5290,0,269,254,30
8804,1,151,377,30
4447,2,484,133,30
3603,3,366,133,30
7460,4,162,520,30
1788,5,132,287,30
3388,6,517,445,30
8442,7,380,338,30
2958,8,635,249,30
6290,9,204,157,30
7839,10,171,25,30
Matrix
-1,-1,-1,-1,-1,-1,-1,23,-1,-1,-1,
-1,-1,-1,-1,-1,-1,23,-1,-1,-1,-1,
-1,-1,-1,-1,-1,-1,-1,23,-1,-1,-1,
-1,-1,-1,-1,-1,-1,23,-1,-1,-1,-1,
-1,-1,-1,-1,-1,-1,23,-1,-1,-1,-1,
-1,-1,-1,-1,-1,-1,-1,-1,-1,-1,-1,
-1,23,-1,23,23,-1,-1,-1,-1,-1,-1,
23,-1,23,-1,-1,-1,-1,-1,-1,-1,-1,
-1,-1,-1,-1,-1,-1,-1,-1,-1,-1,-1,
-1,-1,-1,-1,-1,-1,-1,-1,-1,-1,-1,
-1,-1,-1,-1,-1,-1,-1,-1,-1,-1,-1,
Edges
6,3,23
6,1,23
6,4,23
0,7,23
7,2,23
D_Edges
C_Edges
